Nationality,Country of Nationality,Arrivals,0 - 14 years,15 - 24 years,25 - 34 years,35 - 44 years,45 - 54 years,55 - 64 years,65 and Above years
North America,Canada,335439,14.9,6.7,11.5,16.8,19.2,15.6,15.3
North America,U.S.A,1376919,19.7,7.1,10,16.1,21,14.6,11.5
North America,Total,1712358,18.8,7,10.3,16.2,20.7,14.8,12.2
Central and South Amercia,Argentina,14875,1.4,5.8,28.7,20.1,16.4,16.8,10.8
Central and South Amercia,Brazil,24453,2.6,7.1,28.9,24.9,16.5,13.6,6.4
Central and South Amercia,Mexico,18114,2.7,9,28.9,21.3,17.1,14.8,6.3
Central and South Amercia,Others,34625,4.1,7.3,30.2,20.9,17,14.1,6.4
Central and South Amercia,Total,92067,3,7.3,29.4,21.9,16.8,14.5,7.1
Western Europe,Austria,31832,5.1,9,16.1,17.4,24.2,19,9.2
Western Europe,Belgium,41902,7.2,8,16.5,20.7,24,16.1,7.5
Western Europe,Denmark,26761,5.2,10.5,12.8,18.4,26.1,16.3,10.7
Western Europe,Finland,20384,4.8,6.5,16.9,23.7,23.9,16.4,7.8
Western Europe,France,249620,5.9,8.2,15.7,18,21.2,17.8,13.1
Western Europe,Germany,269380,4.4,7.5,17.3,18.2,26.1,17.2,9.3
Western Europe,Greece,10286,1.8,6,25.9,23.4,21.9,15.1,6
Western Europe,Ireland,37993,16.1,7.6,16.1,26,19,10.3,4.9
Western Europe,Italy,111915,5.6,6.1,17,20.7,24.4,16.5,9.7
Western Europe,Netherlands,76652,4.7,7.3,16.4,19.7,26.3,17.8,7.8
Western Europe,Norway,20882,8.1,12.1,15.6,17.3,21.4,16.3,9.1
Western Europe,Portugal,66378,8.1,10.8,23.1,23.4,17.2,11.6,5.7
Western Europe,Spain,81442,3.3,7.7,23.5,23.4,19.8,14.9,7.4
Western Europe,Sweden,45851,6.7,8.1,14.8,18.9,23.8,16.8,11
Western Europe,Switzerland,49607,4.4,8.3,15.3,15.2,23.5,20.8,12.5
Western Europe,U.K.,986296,11.7,6.1,12.1,19.4,20,17.3,13.5
Western Europe,Others,6492,2.4,7.8,26.3,18.8,16.6,18,10
Western Europe,Total,2133673,8.4,7.1,14.9,19.5,21.7,17,11.4
Eastern Europe,Czech Rep.,11852,2.8,6.3,28.8,29,18.8,10.2,4.2
Eastern Europe,Hungary,9241,2.6,6,28.4,28.2,17.3,11,6.5
Eastern Europe,Kazakhstan,15421,10.2,9,29.7,20.6,15.1,11.7,3.7
Eastern Europe,Poland,28674,3.2,6.3,30.1,27.7,16.3,11.3,5
Eastern Europe,Russian Fed.,278904,6.3,7,33.2,22.4,17.7,10.8,2.7
Eastern Europe,Ukraine,25988,3.8,10.4,35.8,23.4,16.2,8.3,2.1
Eastern Europe,Others,102792,4.6,8.2,32.4,24.7,16.4,10.6,3.1
Eastern Europe,Total,472872,5.6,7.4,32.7,23.5,17.2,10.7,3
Africa,Egypt,20528,2.2,7.4,42.6,26.4,14.2,5.5,1.6
Africa,Kenya,46011,6.8,8.4,21.8,21.8,18.9,14.1,8.3
Africa,Mauritius,37706,6.2,8,15.9,22,22.3,17.1,8.5
Africa,Nigeria,12651,4.3,11.8,22.4,24.8,21.1,12,3.6
Africa,South Africa,57060,7.8,8.6,15.7,19.2,21.5,17.3,10
Africa,Sudan,22762,5.7,16.4,23.3,21.8,16.3,12.4,4.1
Africa,Tanzania,22261,7,12.1,17.5,20.8,19.6,14,9
Africa,Others,99044,3.9,14.1,33.6,21.5,14.4,9,3.5
Africa,Total,318023,5.5,11.1,24.9,21.6,18,12.6,6.3
West Asia,Bahrain,16764,8.3,10.5,23.1,15.1,21.6,14.7,6.6
West Asia,Iraq,56230,6.3,9.3,20.6,20.9,20.3,15.4,7.1
West Asia,Israel,58131,3.4,18.6,20.3,16.9,16.5,15.1,9.2
West Asia,Oman,107217,12.1,10,25,21.7,14.2,10.7,6.3
West Asia,Saudi Arabia,52976,8.9,11.7,24.8,20.8,18,11.1,4.7
West Asia,Turkey,33251,1,4.7,41.2,27.6,14.7,8,2.8
West Asia,U.A.E.,67238,15.9,11.9,19.5,17.3,14.3,13.4,7.8
West Asia,Yemen Arab Rep.,21695,8.1,19.5,21.6,20.2,14.5,10.7,5.3
West Asia,Others,44258,4.9,9.3,26.4,22.5,18.7,13,5.2
West Asia,Total,457760,8.6,11.5,24.1,20.4,16.5,12.5,6.4
South Asia,Afghanistan,149176,12.2,18.9,28.5,16.6,11.5,8.2,4.1
South Asia,Bangladesh,2156557,7.1,9.5,21.7,25.6,20.2,11.3,4.6
South Asia,Bhutan,25267,3.2,17.8,31,20.4,14.7,8.2,4.7
South Asia,Iran,42641,6.7,9.2,26.4,22.4,16.9,12.6,5.8
South Asia,Maldives,66150,12.8,10.4,22.3,19.6,17.4,10.9,6.6
South Asia,Nepal,164018,3.8,18.3,27.9,23,15.9,7.7,3.3
South Asia,Pakistan,44266,16.8,12.7,15.2,15.6,16.8,13.3,9.6
South Asia,Sri Lanka,303590,5.1,7.8,14.4,17.7,20.1,21,13.9
South Asia,Total,2951665,7.2,10.4,21.7,23.8,19.3,11.9,5.6
South East Asia,Indonesia,43973,2.7,9.7,27.6,25.9,19.6,10.6,3.9
South East Asia,Malaysia,322126,8,11,19.9,19.9,18.8,15.6,6.8
South East Asia,Myanmar,56952,1.6,5,13.4,16,21.7,25.5,16.9
South East Asia,Philippines,53963,2.4,8.8,37.8,28.7,15.2,6,1
South East Asia,Singapore,175852,7.6,8,15.7,20.9,26.5,15.3,6.1
South East Asia,Thailand,140087,3.3,6.1,19.7,22.6,20.1,18.1,10.2
South East Asia,Vietnam,23771,1.5,5.8,27.5,23.5,16.4,16.3,8.9
South East Asia,Others,7851,2,7.9,25.3,19.1,13.4,17.5,14.7
South East Asia,Total,824575,5.8,8.7,20.4,21.3,20.5,15.8,7.5
East Asia,China,247235,1.4,7.2,40.2,26.9,15.3,6.1,3
East Asia,Japan,222527,3.4,5.8,18,23.7,26.7,14.7,7.6
East Asia,Rep.of Korea,142383,4.4,8,18.1,23.6,23.1,17.3,5.5
East Asia,Taiwan,47043,1.3,5.3,21.3,23.7,22.5,18.1,7.8
East Asia,Others,4107,3.4,9.1,26.6,26.3,18.3,10.9,5.4
East Asia,Total,663295,2.7,6.8,26.6,24.9,21.3,12.3,5.5
Australasia,Australia,324243,20,6.7,17.3,22.4,15.5,11.1,7
Australasia,New Zealand,56597,16.9,8.6,14.5,17.3,20,14.9,7.8
Australasia,Others,5219,4.5,7.3,20.4,20.7,19.6,19.3,8.3
Australasia,Total,386059,19.3,7,16.9,21.6,16.2,11.8,7.1
Not Classified elsewhere,Not Classified elsewhere,23456,4.4,6.8,25,26.8,20.6,11.9,4.5
Grand Total,Grand Total,10035803,9.4,8.5,19.1,21.1,19.9,13.8,8.2
